image: map.pgm
resolution: 0.047619
origin: [-0.100000, -12.10000000, 0.000000]
negate: 0
occupied_thresh: 0.65
free_thresh: 0.196

